string: test
bool: true
int: 9223372036854775807
int8: 127
int16: 32767
int32: 2147483647
int64: 9223372036854775807
uint: 18446744073709551615
uint8: 255
uint16: 65535
uint32: 4294967295
uint64: 18446744073709551615
float32: 65535.00390625
float64: 65535.00390625
map:
  string: test
  bool: true
  int: 9223372036854775807
  int8: 127
  int16: 32767
  int32: 2147483647
  int64: 9223372036854775807
  uint: 18446744073709551615
  uint8: 255
  uint16: 65535
  uint32: 4294967295
  uint64: 18446744073709551615
  float32: 65535.00390625
  float64: 65535.00390625
slice:
- test
- true
- 9223372036854775807
- 127
- 32767
- 2147483647
- 9223372036854775807
- 18446744073709551615
- 255
- 65535
- 4294967295
- 18446744073709551615
- 65535.00390625
- 65535.00390625
sliceMap:
- string: testA
  bool: true
  int: 9223372036854775807
  int8: 127
  int16: 32767
  int32: 2147483647
  int64: 9223372036854775807
  uint: 18446744073709551615
  uint8: 255
  uint16: 65535
  uint32: 4294967295
  uint64: 18446744073709551615
  float32: 65535.00390625
  float64: 65535.00390625
- string: testB
  bool: false
  int: -9223372036854775808
  int8: -128
  int16: -32768
  int32: -2147483648
  int64: -9223372036854775808
  uint: -18446744073709551616
  uint8: -256
  uint16: -65536
  uint32: -4294967296
  uint64: -18446744073709551616
  float32: -65535.00390625
  float64: -65535.00390625
